-988229527 1493798118
-1626619157 -697550789
845517138 412140380
-1374116725 845958265
306808082 -1069324993
-1831615693 979832492
-1328916689 1603719908
-1647753132 -376091254
161268373 -1816285246
503046878 -785608198
-1718019357 -477728970
1120378716 -69866870
1008740122 -1382714039
1384154878 -66297860
2031274247 1104837271
-1836572119 -1762630304
-16202681 -1689120016
-635403124 -1389797880
-1396311356 2015901843
378562144 598558497
1816183338 -2076442508
1990986363 82765030
740124199 -1977667641
997488155 874093183
764277557 1433076118
-1998837611 -550083259
-63091581 -740950320
-130366596 1028333887
1197646624 -181665637
1841008179 -991238714
-1258655133 1590840979
1086189582 -42998808
2137264039 1081625098
1448497258 2105245943
773524966 -828245420
-1282641775 -595940377
-935078046 -551403226
1757334990 -1933347163
1779112135 -1029474028
-1912450925 1962104504
-1651314153 -1833979901
2119592328 34798800
890589639 -1720048712
842978108 -1836459735
2074794680 1871369814
-1961011288 701942221
-776252302 1910071662
-1954826321 1103681802
-399789119 -1997147347
-1405303218 1498661032
1212342314 155938674
2049513524 1748965248
-1139744454 2039821652
-287598683 1266406988
418865970 -1262674108
1519987529 1873813143
1550086279 -218945972
1880273127 -2032037012
-1273712631 2042278119
1188214825 -632225065
457587666 -365799671
381141723 988232909
-1552304970 -2121102465
2069955523 -694191407
947069865 -1251844627
-1409702032 -2112500728
-1936074084 -201673033
1468138693 -747861217
291566389 -710843735
-876994022 -1174402833
1385918117 -2037263526
-1214488857 606338207
-678041559 -540025384
-1104770974 -1434748272
1841825483 -624137290
673745140 225979453
-810920267 -263191265
251996229 218845549
-1711022481 1457778524
1254573196 1444888683
1333232752 -1872422109
-970979333 -1175623184
1615506737 -2055449499
-1823500098 1362376197
-526762007 1424138019
-108771859 1829367343
1666126023 -1776642504
-954911758 1479048859
1381044980 1298999056
1468550911 457374796
-1279673352 -2138100213
-798996312 -444660813
-2023685004 -1562204337
-325429417 622076622
-2061062724 1868137016
-992722857 2062674850
-1619313744 -1011116722
1658896007 1744549309
1320267218 -3062311
1361419018 -69784939
-340322534 -2103038641
1578934712 -1153731427
1489566129 412336861
1469740447 -1324632605
206776963 1276187913
1923108657 376079748
-649480278 -877716913
-1831013439 -307961718
-739657672 -961704590
-1572335418 734302075
1627156967 2016021422
1148377077 -564426050
183675674 1895186325
-1517058641 1803597866
-1010059850 1344511182
-620688068 406668170
475667598 -1794889630
-1134860154 -1260665088
1976285377 -895140936
-1866726528 -195407204
299605021 528629906
565759807 486632642
1841872811 -115813891
2129633218 1847715069
-1530101959 -1925668211
1020475465 80999670
346211277 1784739345
-757069727 1686312520
1637015478 201660639
-1378599420 2105578381
-27311378 246907275
975905223 1100502957
834405563 43889806
304809490 1601516341
-264695598 307612204
-1921994395 768652732
1169257032 983909676
1231460707 1065342055
-1721178558 1127359012
-1780148297 982583460
-1877087948 305011501
-987173072 2142502567
743630632 -727788172
1826466203 -1478806814
1316982040 2076136338
1133771292 -699202613
-1184685087 1202314508
1723366550 -888539601
606049493 1980140143
-93782926 -405911680
-372816907 -547759700
-605426745 1083248643
67099428 1642743019
-1813749783 1641625929
-1542085015 -410044305
-550463287 556905122
-1621132602 -2040428901
344009617 -1397308953
-1353206084 -1041510152
585394568 -1084013880
1825622076 -1993368400
-748828605 -1569588697
527786566 1264323148
-355890624 -1879204816
-1434193611 -869005306
-2127812787 -491281951
-1417475946 -2133165492
394887116 82731481
-522736083 -1829079041
1029934017 1237481541
-75264334 -1705140377
-1102628573 -1724181318
-1145110614 -450821287
-1044736612 -84897464
1530625272 -1875377380
-982391282 -661018001
1407502870 -357670768
577582962 -1990880259
-1071952246 920154174
1916870630 179985056
1891126301 261419505
324897613 1601523487
1033627017 -1888661705
904311848 -202546801
-1119204873 -591148881
-380233967 -1722003021
1368693559 1964280633
410285712 157300788
517114428 2142611455
-429146802 1088286581
1470078478 457364737
-34891028 -1686461814
1343157444 81381555
1449629886 668196706
2036906608 923454880
-840215576 1121721859
1792243937 617078988
-2141523681 -605538697
1059282882 -632300015
-746890260 -1985472981
60199131 646507345
-1382753614 296162633
-1979291246 934666661
745746772 96761710
-1745613988 1663656536
1575343668 -659021453
-1102642410 1023778336
828625981 -576266691
1500302627 -703442736
-2080787611 408175110
486933027 1424506222
-138401939 -1338646228
-1790974803 1860532396
556621790 -514620215
-1581124477 -885384382
953289717 1837758796
530173987 474902584
-46540383 722842871
-2073847990 817074116
672409658 1867361603
1451394269 -1431951492
1580956047 -1663471066
-1501996772 927577121
1645092842 -128479875
163142150 1683914510
791834341 10303682
-1466638803 625988812
-1906025245 -369282100
-1211638913 -425078394
1724750728 1030736044
1666300173 1092110295
-667755703 490132498
1244430416 -1556289325
-1468762924 429163797
448270221 -276492135
505768375 -1461325751
163669074 925261573
230579864 1174641362
1438106939 1928988030
-1798321533 -1186250543
1134446750 -2101234094
-373532230 -1903133670
-457441540 -600847598
-883865643 2072615790
1524374755 874993024
-2095806207 89222018
-1175261289 653267970
1734326629 -958164420
1171644994 2120362773
-2013370771 703281453
-1445938872 -962664318
1231581969 1613074469
-1543925661 -1684425579
-547450553 612040117
-1733813438 -1039374418
1674738397 156286791
-1210958722 1927333405
1314595392 640777580
-2121092015 430198250
139345856 1077423672
-1883803438 1914761640
-203305259 -1154201558
433559628 1993270037
-180166198 1992312540
-1970368715 2004859967
-369370474 1275381055
-1325946978 1284279111
1897778842 1950884952
106213972 -1039897458
1238466814 629475420
1130322185 1214771426
1754256734 1157449976
1281025411 800918987
-1710238617 1919836941
-466082784 -1567292779
1779868615 -1215440981
1639920026 -429245373
1465505701 1748929901
-1824344459 607184054
1627295444 887600282
-817859777 1831869842
-913913040 -1740878816
1077041214 -338700661
1321299918 -1823465419
-1910666270 -890572887
-229427884 -665069804
-1303579172 -1610101711
-1289663946 787516381
934147235 298966413
-2036319623 1288241288
538282100 -796865072
376273133 1453601892
1084126599 -1054151625
1530737134 1294331853
1695282172 1726395761
-1694650618 -1313357707
-1757078967 -1236847005
551520584 -1641877814
2043859116 2109209627
299611447 -1187093773
1091567375 -569539388
60932665 -1074607848
-1280473720 -1170929359
159376416 1871728873
399774709 2145150724
2076044836 1252554357
-1917148749 867395505
1791773473 -699124301
625716555 266785503
1062806279 334041876
-2107878560 670038487
-1321062179 1238527171
-1301923214 707872423
195231271 1329387907
-894617150 1015477030
-821405550 -1314935773
1654760858 -676381687
-1795794584 -1152925657
1647752327 -1318483806
1281849685 -624904438
-1458362115 1155324960
1566159618 -849431366
1189451383 -361710300
136083159 -1895031275
1469284049 180930080
891688269 -205288261
-785235491 2054980930
2047862758 -156211552
-1436746635 -1929747563
203601074 2076451830
-1097784638 -1981384549
1337012206 2038787293
-912880594 -941774609
803402636 1136001038
-2069273247 -1495724341
-108022925 643605401
-1927425290 537806867
-1389432833 -366057211
-964784062 1756185116
955956578 944380026
1534769183 -1064884690
-1601251276 -66872141
-1734066837 -758884040
-2117577014 -257655344
1355874387 638928671
1277067336 -228838730
-196876636 1232380355
232176419 -1153571619
-1589435285 1020505035
-725660310 606647013
-962837360 -163849101
1362898742 1142374560
1053084675 -1502715649
834560911 1761582517
-1116101321 -333695233
-314398765 1035894779
-1159216780 -66344556
222725759 -1811463885
-162654843 850809656
1126280912 696753368
-1554605056 1786069427
674973202 729884300
1892086305 -289140455
1838031426 -515987020
1647069235 2133179923
131192110 -191263713
-2141293965 573869785
81086177 141925636
1987287467 -1851444038
1265851714 -625792264
1042333542 -1336757356
559597255 2082376349
693635510 647010170
-1817809476 1580778739
1968770503 1219387071
-1676082647 899695289
1032201155 214381203
-1592307892 -1332335062
-958153681 831865859
1458110483 -1173667107
-451369248 1057847220
1515148508 483088757
1092565126 1018082328
-129999723 -137351031
-987191913 -924968147
480285679 -709356014
1142138970 -1636756815
-435314559 -1359303769
326467443 -2000857335
-1914976767 1206262971
286694500 1835411019
-1396409393 -1218300691
-889443628 699752101
641898163 148881647
1515636369 2083679785
678051125 -425271255
1162277253 1942776257
-1510792291 -1165915110
-1561661691 1810596614
1887854010 -1177624477
1051469207 -1779434128
-2101339379 323116195
-120730814 -1177650101
2011107750 -1003910143
31128236 -1997689900
1918822838 1792820688
1078626266 -2009244847
-1579163317 397686990
466189738 -866622860
627931872 1904725050
200956180 961353254
1299254899 1505151402
1956169425 2087421212
-1901538561 825883008
875194294 409942546
-705158558 1451671186
-630107719 -470770550
-1807393040 -1404544987
532280348 -546939537
165371804 -658839506
-2145756563 -184145585
1102823828 1544660235
-489430561 -1532569340
-1857982745 -198119490
1271584904 1209440953
-648914597 520737895
275729443 -87094252
2131845314 -1290095092
2032931950 1496516975
105654805 1017127415
-1477576847 -548773784
1085100252 2003078937
1712051329 882980119
1766172278 -1063611087
-579008151 784707555
-1411570307 -1030266168
-90177430 -2088799593
1858525722 1448068397
281771565 1283968000
748034915 -844830007
1845642777 292527539
1935434031 295012815
-129899923 409679190
78540353 485474287
958416984 474043177
-1741974916 -101062125
2029422117 969705993
-77656400 -356153850
-1451683660 2135434468
16479135 -1996709124
1128654589 -474358976
-2006679547 717295532
-401624337 1676866568
-139167183 -688383806
-134668882 349735654
-2102595295 1158619914
-958408427 -1458528024
1722516001 312360352
-1985699796 -609412870
1081303562 -1778559254
-428882802 -610634593
-1157497985 1600615294
-2046062096 1401875020
-572177994 446557108
385698038 1039363895
-622530617 -1454637618
1632615456 -606766421
992246342 -536242576
-2125064235 -1924920551
2146214980 1008589645
-286216525 855806959
-22401963 1225403402
-128775873 1397991001
-1838087036 1145983754
1189434416 875206573
1918777969 -16221699
838674790 -916305243
-517033589 -1141695555
1707544188 1628627359
-926253529 -38255015
-1411297947 -891880356
-1435952756 1572974853
-1337859107 -1223746892
1512485794 2049504400
229678991 1338379482
-804461539 1047159163
-828667981 -1589694312
-1779118298 222137711
-2145241732 -121264365
-1322460719 526471409
1032384128 -424410848
-561266392 -1325154009
-1510793645 365535443
-733424517 1845217982
1414547344 901613318
390378050 -336443239
1138354909 -972598568
435838493 -1931393493
-2030163176 -1769748334
100571617 781184260
-2069790460 1764361261
-1507538393 -791324956
-1082431558 444636397
-1918540077 -1300507225
1987348939 -1259956490
-59934420 1429364583
987668185 1160980125
1841273801 2134212866
-1255816881 -159897115
89177385 1455109008
1021722992 932757396
-126552189 674455419
-1951574369 -1217564593
-550254638 1163702804
-115553759 -184674710
-410559781 -1701328135
-666252257 1285779745
-1995717364 1754784612
-1883821405 79851022
-504506940 -623903394
-2047942402 358841665
533976299 846242032
-231778992 -1281035202
-1886695249 1858606765
-1422503072 1199225595
316080994 457045144
1629465245 -1709999369
1267102621 -882367991
2057263514 1842886542
1747110553 767285980
208451733 -1456503746
1635646511 974837369
-1731235406 -1448487957
309580474 -1353196199
63439133 -824379836
-994391296 7699457
-1551700146 -10079320
480515674 -521861866
1615269633 -478843861
1275740248 871162669
1902123915 1617547723
1147030033 -759683179
-1372168593 -775911151
-1656866806 1784830065
202783685 -1266407794
-14181038 824896629
-1206288800 1299028575
-1639653590 794357
1796322248 644366318
52255246 1669351647
1869523608 666139430
-265980876 -856186038
-783025658 1675497466
-444379970 1791275208
495705762 -1898027056
-111585468 110706944
1655859601 -1906400926
297798017 -1370345577
-26810320 207131249
1115206603 -1083439041
1314979875 1425550486
-25980604 -1325880015
1970732265 -521413719
1049478895 26205896
-1374616166 -780567552
916894807 975516779
-1464972554 1843626012
-264361929 430894130
498004133 -2139165408
-309191609 -1339384858
-1513179457 249269905
365956423 -169417627
-330004029 -1523768563
-2105993844 -40766119
-2055339285 -810658236
1254959230 2075332390
1832154249 -460701650
-2065676019 348047666
-1360073311 2085310270
1124482062 1164591027
-911833293 1712080950
1328169122 -611157489
1872959735 55527702
-483532919 -186947975
-1427602801 1429349307
-441209 1336402240
-1428760433 -735027518
-2132665623 1347403455
1727170275 1494959682
-1697472486 1656352419
1108553813 -1010591294
110976091 -1739176284
-834354622 1407435186
-1862462916 -990182057
863355844 -1634874435
-1251404537 -2127818808
2071794796 1630059218
143601383 506197840
856667062 -1331797645
-294272558 -1814328335
1950971409 -27237362
16802724 35785695
898105670 700905265
2065935946 -2036139991
-1477837023 -1489389662
-1261336832 1110918523
911620113 -1354743620
-1973120988 945178297
-346752017 -1041817315
-314923487 917890876
1735263332 -2055432475
-1712120671 703969094
2063766407 -1865415170
961942778 794575676
-63804186 474255080
115872962 1303502097
-36928476 -1384402650
-1724997326 -2099935342
1306940154 436664342
-1884084203 1075428564
-982251935 -1022761437
1312927417 781320481
-1650946345 -1468766105
1961108249 -1400104429
338713689 1583771946
-995189113 646965776
-1046068610 -389738808
-401907142 -1973923389
246904041 302752471
-1997933021 1763668999
-650207322 -1430918763
530951795 -611949111
844558389 -588054297
1840885840 -1952945275
1251059122 -2066155734
921768374 1356135035
1868435333 545350127
1169271318 142519588
1260047020 1934690012
2028292296 -1220917081
-933021714 -1198413986
-467556179 -1365262384
-647799146 673309095
-709762284 112296973
1881260337 222658596
-629766640 -330029066
1467711930 -1753301490
354007698 -1522602416
114203764 1762123668
1376538428 831085408
1707812998 1122743420
-1489112394 -864120046
975332857 599374896
1326468660 -1608449445
1404779834 -288108689
-367389694 1301752758
1680385610 -462105641
-763654280 1264293848
1365482533 -1502463035
-1708881005 976091016
-2004119733 42952077
1870779456 1615596115
1678182476 -1659947247
-1306242743 -1940545655
987885713 -1344850028
1326936823 -1726654812
512968218 -1248170589
-756332561 243637276
1828332942 77943846
1347986787 -1308492337
542041396 1491922125
901868269 1101308104
386058260 587894216
227217232 1240906893
886316896 1658167918
-471001472 -87881654
264508197 553872142
-169038373 1274778576
-1993040502 367718286
-40818414 -1021572287
1167960830 -1024598314
-1560947428 -204326604
1886466275 361033869
1840618522 1345280467
-906166426 1753268404
-471045213 -1280927513
-64236574 -462474453
2097215478 -2008706796
1126080720 993056407
1662318743 443803983
1723993004 -92549153
-1097687394 623768346
-1944035262 1621350902
-590789505 -1389787903
-272189055 -655147746
1055272258 1991085510
1448570205 1638100904
-2084322006 -2086611184
-2014961807 -1640305343
-1771068055 1208380531
70896007 -1566785472
-1920735712 -1508599107
631451264 1273475842
1508388264 977183213
937284597 -511147179
1872624021 -1925962887
-2145916149 1877590624
-961524908 935414794
1206997777 -1646531078
-169378604 -1456703094
1247967939 1303659052
-1597169610 1327216782
-1436147161 1261277885
637063716 -193381954
-1780934200 -1048603823
-998738577 -1170121971
-1445317609 1423603616
1287462187 -936229491
1737922891 1733265546
-662037941 923166299
-541286455 -1138163856
2113332315 1365731322
-1598869293 -748842718
-2028365764 516757416
-459488013 -749468286
619347866 -988583637
-598635938 1804495099
-787807348 395725171
858825297 -421242669
1327050568 -358360848
1222425620 895664084
1657740562 1563260309
300109195 -1630508986
2088753341 -1760504642
1932789582 2136179338
-965952540 1722594608
466417087 1632677630
1467490685 551231943
1507537135 -807006997
-824361524 339707165
-1536617918 -1035643091
426595228 1956606353
1283439031 -351258672
474039764 -161843372
670640485 2110041990
-1349629930 1183030348
1409979270 -263625095
-1175530594 1342190280
-955329822 -562537546
-691662009 1393932932
729600156 1111260081
-1615070663 596804671
212186112 -923959499
-1006737238 1528693455
1251069668 1754370152
-979593546 -2058494118
-1745505881 -545574311
1858272668 178051085
-120909991 538805811
-793972406 -2062127005
65802291 -1896663685
1957422212 1063557996
1256713268 96790967
-1280931880 -496584950
949016993 352631655
1785072952 -932257495
2041968789 -67860217
412420087 390017528
1771502418 29798994
-2110770684 -1360177143
-1606286609 -1499286036
1063305721 -2141636046
510518476 490676015
-1020726081 -2083359499
-2101965852 -954324384
-45817922 1957408857
-2101448516 966445418
-412113928 1637255156
-1029029062 -73404265
-11809778 867708011
1323271582 1171219807
-1787660575 679467910
-888992855 -1609861723
-1788358768 -1129428914
664813781 274991207
-1253838315 -1548498904
-585434958 207943011
1185188960 -655150825
-1399497773 1576481065
-993171838 -1662649487
327713398 1769313361
-1479795473 1624128431
-1713712365 35958162
1696786363 -1699502208
1930896098 66007642
-258675770 1247339743
431019286 996692730
771102799 547277057
188162977 547798332
1116030641 -1603881249
18133184 -361975748
5562795 -1880050215
-1929277289 238868173
-456011889 -2092109021
1748102500 382197577
1511853999 426626597
475369859 -636559025
528362121 1475834769
-1006379299 -1894246247
-881044281 -2133186559
2017983620 152435271
2098871339 -855917449
1051169965 785074658
-1479430539 1280997555
-135997172 -1949385194
2034981032 -1629962160
-726143258 1556648355
2009585606 1925590388
-2141022540 -818643112
1003661541 200071369
-2018074985 1044999459
-1854276256 -1276442942
2123205698 1791255786
-1165571578 -1864445070
2132706650 -529360730
384215680 -897798653
-118360996 -575809407
-1552482576 18659552
-1236060004 -1577713032
57122816 -1106966949
2103374844 -1022941585
-514373320 -2072084919
161843351 947300447
-1324401007 1587844996
1277416372 2128223726
-463619399 382268561
935760381 855402332
-1267886482 1662506516
1951297392 117382198
537507904 183161610
1707178993 376784598
718057991 -2014439391
1338388272 1504454532
-1185236549 1620322961
121106325 -1065230635
108088306 1526169158
-805243902 -725023334
1399994133 1986558257
-564695566 256485577
633087836 697627736
108257415 -1333713146
1637455870 -930604104
1057441801 -1232540736
1296433183 -1697908223
-550862474 157349910
-987520790 -336794032
-1503819245 2007902634
1055449812 -1208024085
2030638252 -1296914622
-568710955 550605200
1607144785 -21421246
1363263580 -1415767709
2011179523 -1320258118
2090593971 -2113585273
1774970062 -598132604
-623910412 -264669604
-1624898730 1787501100
-393040057 1382553616
231249989 1607050067
762591174 -1198651992
-701145935 676842282
1342355879 -1397190545
-255791505 -1892007666
1213333898 1808985942
1465397455 491300369
-89390449 548863246
1521824040 -1627308343
338618807 -1483947764
594269681 -1591012524
1456601851 -105918040
-589737336 752499773
1434127144 -953865517
-383142395 -768934360
-756494175 -1443632790
579255264 -1516356495
905204305 -306616449
-341884260 515177416
1691344678 402722764
-682295507 -595057904
889238219 609062048
-1055841254 309286373
-1630813895 1563496364
-63008681 -1888106474
-1209637488 944360907
-540656124 1515410282
-1966375346 271661398
306644038 1413651696
-1853656120 -1701878840
387114750 -188709783
745473574 -1457033560
74191688 -1934370267
-1082982320 -899726281
718359890 -111262264
631418128 954284868
402176068 1015414382
-35597919 -616979302
-1057603156 363667596
-1375157116 -1703715601
-2082322117 -273762896
11128793 622338292
-1476929489 20603548
-1239073817 1959458544
161332203 -637931122
840060531 -8290765
-1179008596 1626239487
1105552984 -876042021
-625177708 -354304034
-844202457 1437666438
-588588043 -1780437200
-788864409 1625143250
1044636352 1910435075
453043085 -1026470297
465740038 807138510
1311931566 -315561887
-2080510708 1970896767
-905188358 2007227623
1022593928 -424125572
-117954001 318992288
-676139533 -889167954
1241777105 -1561761754
-1477419019 1222674090
1877836353 1263585157
-1185556810 -1722789839
-758694090 2037696931
440319538 -2006161897
220973620 -1168717493
-927171832 -1882682779
-1333386985 1627657904
-1865834681 513251328
1035092119 1811449669
-1653939492 -1355292317
-1170588422 1224541058
-1958262901 -384908521
-1117945373 -981193184
867457040 -1420473025
-1026920634 -951557047
-809846565 1305768571
-530071505 -1469410926
775008732 2071381428
1330451366 -1172253522
1200797829 1701371256
-1992507140 377866624
204839372 1277735220
-835921676 -1760765052
-105650981 -411523781
1739240502 -577842436
-1665748185 -922889337
1256334958 -1010696428
1398517120 3521192
2027978404 -87548663
-1470461285 -703342274
-60639872 -1305453988
-555094629 1670331915
-2095024159 -208972479
-1936773794 1790388103
-1626238661 1070603276
1061485815 1287811292
-1317506728 771834850
-624460864 -877168472
2085221302 530226698
1627132908 -992186390
1956272997 -1337552032
899464014 -1234944008
500731829 -187452250
423414354 -1527283361
1008676643 1329403214
-1331816208 -1011938531
-218943314 -239031806
830018604 -1191663497
-1180711803 -1566149996
-963276274 -1888684001
-496232052 403206682
-380694813 -571645478
-101640954 1231290868
-1380845488 1505713288
1420028395 1547199689
-141469120 -1476780168
-1316277575 -2124065465
1020271486 -507859747
-24146031 -935978281
1477157365 -1229040950
1065082735 284760682
-1004863262 1157799052
1179044851 -1134387840
-1563158770 1100147054
1708571566 -1586777439
1207854217 1243581024
2080963685 -766014968
275111901 -1029737447
-570027587 -942661031
