-385238903 780221746
821400909 -1274322715
1126615451 -1289123689
420265210 1981977822
-869864777 77065113
1448483248 808709919
-624946211 -1476933970
137327556 -1135185732
-1511310869 1141096095
1881053689 -1780985304
1092130805 1888683770
-601723706 -604472719
-316787952 -928491418
207330488 -47695649
-839099625 994938439
297476463 -1833711529
1045783075 -775916423
1349067088 1732045373
-763276209 -241228137
1334864465 -1551437365
-1390790752 -1203739555
440873808 1215277568
-280103688 -1363328644
266543533 194525680
-288375029 -2019287799
-1340454843 1414386868
392407324 904517861
809298640 1567214116
-2136078801 -705487637
566538769 -1313083661
258746467 1171555803
1493808148 845799443
2050392487 1696335794
-2115363979 -1768250546
2117119224 -2140132635
1504713915 352827815
-1832599332 -1102522527
-719945758 -201848415
1016986704 -1972591571
-440111015 869877348
-1370586368 972885675
1153122841 483429249
-1848230872 1361499400
-118375559 -938343364
-618455566 1520250568
165617941 -1785027432
-1226561668 1187081541
654521015 190216093
1615712465 901820642
-995811083 2026143797
1901237349 468097664
969012331 -847482341
-1010562428 -2082137215
1398147712 -490134281
961160689 130000979
1735551911 -1400982303
140755650 -1320226051
-1249460972 738884160
940106951 -788058981
281066785 -1788175394
1001720579 -596806449
-1155419457 -1976083919
1436291969 -102878332
26816776 1043120155
1320267512 439852775
-260799521 1127600011
2035050242 -857265573
-1849691636 568478239
1939798936 1709297033
-503633481 -1060316111
-330102520 -1143206317
1963437003 1811945747
-536759006 56384903
846230436 310400550
640626277 1870662167
-381137707 994492084
1045884809 -97929878
-1754894842 -1613414340
-253407678 6369052
-951654179 -814854178
-1221629052 1450784732
-1374988720 251543576
-1871982308 -793366947
2090390129 1717926050
-1020803929 -1505610366
-1830519377 -1328155502
-1895982600 2001733626
1400811046 -496637138
-858049790 -2003570370
906169513 2040145878
-1654720013 1456078372
2135025754 576173778
-1294419410 -277115561
912698975 -1000579428
-1722102469 1739850704
1031075864 112393464
-1301237815 982509823
818179531 1309016374
674165206 -1228540352
2075060180 961846684
-1666116634 869053930
-1293175121 935223980
1452906364 -551789469
414331559 -471796608
-893837651 -100562559
343316063 -1939499507
-797424464 1528236877
1764644888 1074136071
-1932269080 -33227891
-1594733505 660680838
-1972901091 1318107188
-2145668283 -1560156689
-1746867457 813176306
-208397574 -1956182749
1912460562 -240722732
292607395 249787397
1651120718 674624979
436831975 -660499820
1691042840 1090038876
-858231100 -922299195
-1886820389 -1500219708
1183617414 1156454573
-2107938444 1840370231
1258648350 1386441675
892996049 779590053
-1543050686 1345455050
-987878907 -2104230711
-1270289065 914745303
-1169863589 266453171
1122199898 1632976085
-211014105 1120369627
-915070516 -245893849
155155409 759159183
-26887377 948440853
-744710137 1385031410
983112419 1032647980
-1294962965 -1170697702
596717207 1649394671
453860058 1180087539
1703551840 424297877
229425840 -2146387081
-1826501300 -1825300507
-1452967982 1838235443
1989020884 572573558
-406059261 -1331796349
-2124323880 -412071541
-1175543739 2135277397
2029345344 -1187657320
328166231 1606594777
-1972753382 1840160385
-551564279 -494895296
1698800743 1018381350
1841278365 794464935
-614179928 655036322
-411522268 814381380
2092295002 -1665292566
2072258792 1326444962
612327303 1588578086
798556063 1702066856
1457325460 -1876240202
-144183906 -1120360852
-406419070 -793720419
-59940997 1681433782
1132417538 -1624594895
-296661226 -1284726544
1489556785 183434635
266174118 -1460578245
875318563 1582960705
1428816518 -1609284329
1860563197 770527391
557222977 -2119941259
1161532242 1750371094
-1864362645 600474547
2002961048 1009233679
1786149127 -1424763454
1816232433 232177295
-2116849903 786648676
-8101055 1605452912
-1328984364 1437572012
-1460920530 211422594
-1631877178 -1462109235
1117078055 -644847699
-970709193 -545583354
69341776 -1300145550
1265929738 -211685000
2136163535 -1491857950
1971249925 -728917982
-1317405093 -1926900594
-2117400765 1329740493
-1219043055 -1198078900
1860649135 -2130161835
-10047641 877154758
1452441299 211005731
2001852318 826050825
-331570347 1759981749
1097537069 613700365
-1766485584 983549688
-1321841895 -649754368
-1853629933 -254193592
1981200347 1526486028
1354178808 1614462710
-2023425442 -1227990884
996520 1624666615
1973867101 -1667791200
-76847153 1861958500
-1482593148 -1928141279
-383926042 723894956
1291332538 1777603130
-1265177289 -50248365
1108084504 -2086148834
-3411403 28570150
644100495 -1301231103
-386746087 255075861
-1630059539 934977151
-1860129388 -601027402
1082988753 1668658627
88421303 1246232091
-1244948005 1301647544
945678805 -405643117
1836991638 1354258701
-350480599 302032317
1366432916 632577590
-127103976 -24402757
1801141854 1616272444
-1463703992 1624702747
1676015801 -892761745
687663470 1361428799
-1372217388 -1303233754
-1711225538 11740178
2096158359 -1077889478
-752712628 232840364
-1817579027 -427492359
-917357821 691976723
-1593210958 2000345583
108345589 1100187646
1958557899 277014302
-1205478496 493079752
63734981 1918095892
1724543175 269536038
42894875 -1745699123
-1377634478 292355769
1377325953 1292287093
1045544435 1244098203
149739219 -1276166045
1297587570 -415146526
306296796 -1537500928
751200155 813249293
-1908218579 857165751
-147866832 -2098875655
-616343338 670197193
-1466140811 519520400
-1367047387 -1589145818
1096810809 1370070760
1285328663 -610468755
-116400140 -24601841
1182295755 -239071656
-219438596 145992435
-958162065 1662064256
21502561 -2076662795
963467954 1536691249
1903479103 1791278200
-1171032042 -1288762030
-686287878 868249080
1889979733 116589262
-1241683314 -1610343501
1886551141 -757660056
1545981142 -586457010
619829507 1701646538
-959190945 650297820
-613680023 1424441149
1668828003 -887407570
-1133016762 -1133036437
-1128185754 -1984114968
-36193727 -1613285247
1447955012 -1282687016
667149615 1048858985
-1969055187 465196583
-924202591 -391623297
-885432476 1908867749
-1626795501 -1254424111
-553705307 -1255462668
1191094220 -967849971
1406071862 -676546790
-1633288476 -1968816377
197916238 -1995222478
-1480667515 1973440984
626027209 463208079
1449188933 442571047
585775338 1791616918
1612284736 2020747152
-1881889723 -6689766
-99246072 -1533961841
500365222 843250310
-109089121 -888459717
-1551526293 1077245209
635161574 -441440919
333505648 1484425620
1403692666 871529103
-2123378793 2132362959
1362538517 -1555242359
-1270287169 259472877
-316605272 185508751
446256618 302310404
694665273 -257880976
1600728611 -1245955593
1863869281 -1438968129
-368873784 -1392188503
-1656049678 110510634
1710617405 815185484
758175469 -693585992
-254727867 1971430029
-57281060 -654770936
-2048450616 53674365
-2111158929 -1498966836
1989500624 -1522640767
-145986456 1727152348
623080394 1258449542
-1370330536 1962865456
-2050321363 -2147419177
118985175 1838234074
1036077555 1119837107
1732387542 1322454011
1035285909 -1536026137
934129829 967695827
-501350098 156426052
973136126 -696511604
2095328745 -1336147540
1706296373 -1845922871
-1469054368 -917801153
-425031991 1944372357
-1546923785 -1367636718
-1999630925 550356492
1434037484 -642812805
8908687 -1726926223
-1050972998 -416148335
1213766751 -1276190931
1457755247 -733142165
247850367 -1380856178
1758828225 1984753784
68300140 -2010247126
1138937986 1856386826
-873283684 -2118789665
239675440 1637453063
1920622577 746838639
678840331 767358277
1432974596 -818121590
-880348448 411526979
1312731063 826295173
1701343195 845616766
1032839631 924233436
615049869 1326703609
-6591582 983904115
-500618856 -1660453538
410474966 -222965182
-1676613718 2035006882
511298805 1646977856
-203605838 1035130266
-1597373946 2096494717
165181431 1301137241
2018053632 -721881090
-874935559 -1105873577
-627614366 -949211187
144547336 1990906742
2009173289 -541015583
-1596412542 1073569634
-720810683 -1327555843
-1815697713 -1561109171
467786983 -951319462
-855495549 1711246144
-585083216 -1627946448
-21160387 -989637335
186879255 375551598
-814945610 -1661439342
-2123822209 -37815478
2050121254 -2024573474
-1391820326 -164055065
-1738554651 -293720949
-2011010313 594769791
748146147 1702384766
-1034774900 2042737116
-266296363 518175771
372858367 -358033662
1617080833 -2095961587
846402216 1157457342
-1956438844 1346149712
-214825719 -616100706
-1090739509 -394863652
-155930073 1078119560
-1332643759 1926394182
-1057919286 553860613
960559580 -633844746
1212175300 1734595088
1039707559 1106585884
-77126827 1917918629
975284322 -1401312175
1094875442 -1219427010
607452430 1699235821
-1396738944 -196616588
-908337040 -1831306781
-46274953 1421477558
-362871374 -1218560978
1010774279 -1606700119
-1651047432 1329701832
937989515 -832384146
-903760426 1113399485
811929621 355123081
-1957318564 -1336101522
-1781310790 1814168405
-614790085 1058713818
127143092 -986807050
-823856766 1165658436
-843727551 1866615795
806742058 1945632208
-145756703 -618007610
-326476361 905313146
-262547809 854718557
213248628 -1875431531
1573232166 -40193546
1161685462 -315814316
-451970978 640847294
-1435248635 2025857887
-1633264561 817933894
-1946485134 -1820788975
910759512 -1961569556
-1824933735 -554395818
-209336140 -1628950720
2090712315 -1410956632
-606693479 -1847408588
-670421554 -1746518185
-1156954653 442993456
-1524205903 -242737215
-1683833444 -2034812834
1062088206 -1116907481
-1146470945 1071431862
1868932132 477794780
-674440248 532170961
1489267806 -172487902
1956003517 -494474341
-333863460 -147619673
1473963674 -1753281392
1774276455 -292912146
688741181 -624181682
-653905054 136357443
-1641519036 1005406987
-1660700301 -312198620
-1155239924 -1885629623
-1308413310 -1220501508
781821779 -496581445
-1661505990 -740029448
914096399 -1761583242
201577157 1174750108
-813322164 -2012576802
2029600649 -1834733546
-921149241 -1704442898
80299594 258243379
788083658 -961161697
-1294938820 -338893106
941617871 1469398216
-1513256295 -1253314888
-1699703674 1293428820
-1726309639 1124593119
-428875051 1958652087
-141110377 1962846507
-1227000615 983740262
114207438 904072819
-1986339359 157820515
1503257189 2120298019
814671703 627818261
1711267920 420732688
2008333725 1803325955
1807819440 -542674575
2133982617 -923194781
-48652833 -1528003263
704232955 -1859556067
-186679413 1831901278
-1903916287 1632080220
-1675768438 -359003448
-1778273343 2055792506
-20023056 380424197
509777912 557159759
1314518829 149222207
211954327 1951331581
1514846814 149665474
-34901009 -1953521062
-154593421 -1083494713
1453874435 -1030771882
-1975229327 1746056779
-276945256 321888114
120412325 1830672072
2016197620 434359469
438738706 -124726892
373177808 2051119813
304244008 1676499128
622268766 2074355293
730668145 -1372708246
-283707689 1981719196
326820476 1776993638
-245314252 1877593936
1637821591 1958294665
1754099916 1423832888
-1539089968 -2035853567
-986642432 -1660387552
-1397001927 664036538
1669906706 2105305882
855042204 -1750623080
-41507123 1545553959
-1951622369 -1388825320
492507174 -196573509
-331607790 1403359409
-1360722804 784563029
-300913611 -59127762
-1186038774 1913905106
2135625136 1744820308
1747906644 1486330834
1814629182 2119203836
1754769614 -1764585146
-174163956 -636096530
-387716528 -1287637722
-2124850897 -818472326
2120740993 221086446
2106582000 1924731569
1440656638 -1124931979
1992055783 1142364342
641580035 686094276
1564324543 1996475632
437442268 967591492
-2087189053 1298777924
2078262326 97295373
999341912 1634815090
1102338172 213030926
784553996 -751200247
217273220 -2065921301
-66809068 -998438790
-1616124611 1902567185
-632513512 -1410234385
-2103460853 -2104766675
2090716513 -535635233
2132927289 1239804602
-627193604 -2066973200
1093825146 -1253296553
-933850612 -1976715157
-71154515 1164964955
1574010208 163411922
1187435667 936381653
1335042756 -397856414
-1775944417 1772099301
1536133178 753593439
1245444087 -88150819
-67177819 1207783512
1877324762 -2131899744
-1556725485 -982670403
-585942797 1125741688
611001450 -489637064
-1119048391 -1213782686
-135471528 556842612
1293022225 -820510049
-880514948 -3428400
-458422196 -1489802544
-887051077 -1121221522
1548423173 363408339
-1170139247 109562058
1192761671 -1599568177
1416299856 705125133
-971580308 -860948316
-1740295945 1190523133
1660368514 197943760
781019017 -1936240484
-1454387369 -1690325516
-1988705247 -483411957
-1420643825 -1382991134
-313097980 86976046
1489318403 1779649250
-2050836008 -929364211
-1985474091 -1316544209
76219712 151349
-1971243433 -1545267985
-513317072 155952284
1545448263 -18765846
-8806118 559089491
1584518626 1931849788
585782737 -1725275083
-1168233050 1011222729
481568210 -1644076910
-2130786432 -132318304
1524483421 -1979553316
-1450067858 -573053099
825493523 -1703029435
1215882554 1291499125
2019361187 311184317
987195434 1944719740
1529370143 -2102811311
1593710251 -595146240
-2055068844 551245406
781883257 383854820
-292115667 1966321449
1860293111 -803370757
1879956350 1268692361
-2053130558 1920583670
1420912634 -1318469034
-2130787491 1842047339
730502059 -747678073
451998255 -1543140604
1030743315 1462171119
610711281 1292744534
602425494 -178242573
703881253 -1240381613
1639141870 2111928844
2012654448 310627221
-1963727480 -1907439731
-1635937263 -1031796312
-1485778834 1792496016
-1656660349 -1787036305
-1284468316 687846479
1493035601 -312535948
1871421473 404837867
-1696766081 962671839
-809815505 142494868
-168639029 -1060662780
464581828 1291152002
1764539014 869255499
-443902350 399520398
-1772631927 706886898
-85708476 -388523482
1838491987 -1836140820
-398379611 1572213954
-1786393978 -1667177584
-2147451466 454194702
-401351544 284048782
643547242 -1065709185
65260644 1234714011
361469557 -1226126184
-203883099 1880110424
826247715 1356827213
215223468 -1751335019
1789883814 -1113734686
654078143 42358626
-1783931671 548670075
131170518 -1254918750
822986316 1137974817
-924059310 -1665782521
1753024726 307934087
-1391326276 -423502040
2059299718 -898606657
2025549166 673648003
2127861499 142237415
-1687893207 -487502214
1694320538 -1690091844
-1416933938 -1085123082
-1987908489 -1440205111
227253408 -96987889
1971222060 -808771085
-1430515907 1995044635
-1884508577 104439362
-1739593686 -1226020922
540475755 1193075847
666432599 -1423076725
-620937744 -2067867768
2094117858 -1330281757
-628470219 -1807612415
1766209636 -437344118
1540867138 677689264
-792024695 -717832327
1490288484 1515583697
-301226507 -1295041992
1834042142 -700113743
1995931661 1652961177
-381494398 1608781376
2079757012 -822508254
330088158 251166215
-983081820 2002787313
-627032162 -1355598564
220870117 1617176049
-2013447924 1425286965
-2044580432 918587536
1984363245 2029584422
-1493603782 301464319
-801737833 1593913698
1505612692 1743303340
-1865828185 530957839
551827111 366032846
-1725592032 1333272407
2095012096 -1540682519
-305756791 1786682243
347567006 639202797
1020304384 -429299334
1006835897 2135108912
-1948161680 1210866283
586214242 1112151066
-880945385 -1393407974
678860905 -576252540
1872284421 -789678335
-996303402 2073422442
-1187344846 -1960430046
93517265 -340852164
1814962711 -1031611064
831331385 -2028041186
-108848064 172569234
961002924 -1150475788
1940805605 1179401
2016397079 -969362354
-870384539 -1775661669
1975464043 1906931923
1128427492 -1394384645
-1016410469 989846390
1459772906 -658080850
1462068785 -95911314
-823017425 1065342367
252882192 193385632
-983744165 -1499861966
-563673294 1799486814
444063138 1210853394
955370279 -1315692246
2033360297 -1000137803
-1833932703 692332085
-98283326 -1404871124
-2125689221 543359971
-906097001 1139133650
-1674432252 532341646
198703385 295783579
2088014801 635985855
1474323666 992522619
-1872209029 1705149597
-1557432134 1746311127
-933295503 -1635095675
-1046131100 906606162
32632870 858304275
-819531051 1954038514
-1718849852 1084485377
1329470595 -1608452321
423185262 -2003842109
-821390106 -769799406
1623193818 1251154253
1531274330 2102585234
1135857943 469730134
682896545 867670378
-1363851406 -112077927
1178724991 -481060979
-1690566540 965936416
-2026853472 -1697860154
-2084075809 -1768317639
-504786501 -1309517057
-1510814264 746114922
-135021823 1078657478
-1805180303 -1354980460
1567893356 -553687834
1812181862 1594431191
-550942089 -2114892887
1492999423 -1170217395
-1094248150 1331435847
-904061990 -1579407451
1273171541 1300847135
1999513856 649994363
497740989 -1788787476
-1762367636 1347734499
1494753151 141356915
-142421376 -456193519
67871753 1895886206
1392438953 -193584768
1501388864 -1198403006
-470257444 1809244514
162874982 -44748793
378385780 1836166550
892743510 1907244489
1054711539 2006863341
-1552310138 46941393
629597732 -585128685
-509432920 1354501218
-512780459 -874872727
342241055 -1967225674
182308390 1396978226
410728435 -12484458
-1181406875 -1183350356
1217466277 680607409
1982968511 -1803589603
-1466904544 1198434065
-1742711791 -507364272
-1131439972 1965276244
-929038712 -1368998507
-1353308956 444158302
-1961556749 1224510387
-1286149318 1072404110
1960492502 -1110565559
-1062775563 -2142384119
1493617870 -1470149162
657960203 1745687819
-882542661 -933229521
659893319 907485230
-1907451079 -564178439
-634695404 -186676809
656454662 1181701997
1865028005 -478427023
-1709126430 532540295
249362021 1903402389
2127960817 -1114938919
1011123035 1565474089
1235445959 -1022336005
36432153 -1119289099
1711844904 -1265167115
1401299761 -1390470059
415406091 220549141
797312257 2116869134
-406176460 209164515
323222079 1406964116
-154531902 -1435734415
-95343290 873355237
2139708575 -1455283801
-1637002481 -166247624
412069403 -701706873
-116255847 835385953
1260066375 1958853407
-1824491708 4586569
-1668752021 1639144545
570521358 1674997321
1694409092 1109580813
849080045 -1173583181
1001372933 -196792160
-1590729686 532996766
477229521 209418507
-1074775100 -992274468
-1315386753 1248740140
767099296 -1453444001
32411678 23534226
-1770459808 978525327
1345377771 2093641335
3518037 988733709
1980674537 609374088
478789616 -1984692658
70620274 -1357715712
1572970407 -1596748018
382536211 1046555885
-994760336 817496315
-323859065 756011803
-254625110 -191795234
-1862856411 1405032985
2146962341 1595228902
-1498199078 240541600
634639478 -203876837
-1588085393 -672564253
102943526 2104611751
-1253238979 1613570409
1739874921 -794841812
-18602220 -655931665
391060388 1113829786
154048350 -1080804538
-2026052943 2140211478
989102300 1459753273
-740025440 508743751
1212682966 -1128439284
655759064 -1122249905
-1649456457 33230928
-1208364021 791767198
-618310343 -1353039404
-861196497 676900987
-1792268696 -716772830
1531340564 -1370888605
-1382727509 -182083718
1690350458 1173496897
-1022076973 1978992436
2101713340 656932511
791324559 331394731
-256319135 -516602159
-990947813 -884053478
1316217142 126326605
-1469644682 376565816
-1427083089 -1118728424
636719499 -988234247
-825946811 816241498
1695886581 1555236422
510948928 1119646637
1477483969 571676560
-1629747073 1699151228
-1366275599 2082655466
-1673332170 -418816881
1183085189 -2147268495
-280782514 1162866185
1505777225 -242582338
1844490616 2036371346
1376208631 -872517076
1332846767 -490138953
846775108 -471913259
-479904555 1080837680
-1853407139 -1567306588
2052955359 -153512214
1764294637 -1741424418
-624922988 -837514901
210471383 1404532512
-1222398759 -1788247412
-1214585550 216007695
1744131726 1859332997
488762996 -2007395430
-769208578 -518904243
17971925 -1211544795
-1334436317 -399750289
-1351881175 -686695127
1543128095 657694948
1942593281 -695197653
1788283395 -450603989
696271379 -1740948248
-1650412035 457545908
2100284503 -355882059
477898344 -1046643136
1045268617 480484583
1017024755 -248557858
402535777 1315228481
-712407706 509097911
-883881990 -1428727742
1972561183 1266190961
565138653 700378918
272514807 -298188449
-735833115 1753774933
-2139502702 -1856663114
1920301414 -111502257
-1258095768 2056818164
1560787570 205206794
1180729843 1889087968
-684911313 -1948513123
-1839031037 354036577
2014081002 177981856
-1374925636 33792334
1972753807 634654582
-14991363 99699787
696913693 -217030005
-1004892531 307983058
1177548254 55554320
386065872 -1166611463
-1159384143 -1424780225
1184867830 306471594
46725604 -1179206321
-427740928 -2111204524
-880945383 -1296960661
145684676 -1790931002
-2089062186 128758736
-864112877 655845615
1912558374 -380407463
-745128406 -126917772
-1135922757 -1185560192
531555389 574955768
-2089596217 455935226
1388879223 -1382133669
-1313631071 281054313
1912989732 -1866773674
1434137564 -1264630582
-1459140609 -1051166317
71131666 -1631113569
1364241452 -1569589593
-1186092581 -326119833
910930539 -1750002385
-255195461 298439200
-1624134463 -1356822437
1256979383 -1448395605
-1254062078 612140976
-1238560383 -750697950
-805012047 232375767
283540343 1436262561
-2031214923 -1437352110
2122667073 684706524
1764469706 1030765186
1533911818 -902110564
1112064654 584841282
-569195288 1308410025
1490944927 638141131
1576743535 1092903974
408280888 656810685
1954301987 -1905609371
1884792719 1629766155
-1636321721 764271980
461874443 229939309
-1987015804 -350002761
672401684 492273786
1581328850 2128833313
-237811300 237812235
-806304586 418587281
430153019 545503874
-1359380220 1481546987
-774279397 -1422546259
1267622825 -464397499
-1169371058 -214277529
-571164326 865000084
-1567367459 440408328
-1257751160 1214498571
-396798008 1664781753
-56098783 59243189
1266986938 1833124818
998953001 2122167870
1301755022 1102067396
-359111831 1503489260
544985073 1092134319
-1578902266 -1820289504
-987152038 1751950962
-702301325 1747533336
1979530718 -1635457000
512989121 -232586762
911004108 504607035
564153169 -1862801254
871410428 255514844
1812244580 -1753175695
2036996160 208095258
-2132729554 2056503827
1837019806 1019963840
-1985755168 -1934230735
